{
 "cells": [
  {
   "cell_type": "markdown",
   "metadata": {},
   "source": [
    "# Regression: diabetes dataset\n",
    "\n",
    "Included with scikit-learn is the diabetes dataset. It contains 10 predictor variables and one target variable.\n",
    "We will use this to explore various types of regression.\n",
    "\n",
    "## Load and inspect the data\n"
   ]
  },
  {
   "cell_type": "code",
   "execution_count": 1,
   "metadata": {
    "collapsed": true
   },
   "outputs": [],
   "source": [
    "# the usual imports\n",
    "from __future__ import division\n",
    "import numpy as np\n",
    "import pandas as pd\n",
    "import matplotlib.pyplot as plt\n",
    "%matplotlib inline"
   ]
  },
  {
   "cell_type": "markdown",
   "metadata": {},
   "source": [
    "Load and have a look at the shape of the diabetes dataset. The column names are not included in the data, so we will specify them separately."
   ]
  },
  {
   "cell_type": "code",
   "execution_count": 81,
   "metadata": {
    "collapsed": false
   },
   "outputs": [
    {
     "name": "stdout",
     "output_type": "stream",
     "text": [
      "['data', 'target']\n"
     ]
    }
   ],
   "source": [
    "from sklearn.datasets import load_diabetes\n",
    "diabetes = load_diabetes()\n",
    "diabetes.keys()"
   ]
  },
  {
   "cell_type": "code",
   "execution_count": 82,
   "metadata": {
    "collapsed": false
   },
   "outputs": [
    {
     "data": {
      "text/plain": [
       "((442, 10), (442,))"
      ]
     },
     "execution_count": 82,
     "metadata": {},
     "output_type": "execute_result"
    }
   ],
   "source": [
    "X = diabetes.data\n",
    "y = diabetes.target\n",
    "\n",
    "X.shape, y.shape"
   ]
  },
  {
   "cell_type": "markdown",
   "metadata": {},
   "source": [
    "To better inspect the data, build a pandas DataFrame from it."
   ]
  },
  {
   "cell_type": "code",
   "execution_count": 4,
   "metadata": {
    "collapsed": true
   },
   "outputs": [],
   "source": [
    "column_names=['age', 'sex', 'bmi', 'map', 'tc', 'ldl', 'hdl', 'tch', 'ltg', 'glu']\n",
    "df = pd.DataFrame(X, columns = column_names)\n",
    "df['target'] = pd.Series(y)"
   ]
  },
  {
   "cell_type": "markdown",
   "metadata": {},
   "source": [
    "Now, use pandas functionality to display (part of) the rows, summary values, and variable intercorrelations.\n",
    "What can you say about the predictor variables?\n",
    "Which predictor variables are most correlated with the target?\n",
    "How about correlations between the predictors?"
   ]
  },
  {
   "cell_type": "code",
   "execution_count": 5,
   "metadata": {
    "collapsed": false
   },
   "outputs": [
    {
     "data": {
      "text/html": [
       "<div>\n",
       "<table border=\"1\" class=\"dataframe\">\n",
       "  <thead>\n",
       "    <tr style=\"text-align: right;\">\n",
       "      <th></th>\n",
       "      <th>age</th>\n",
       "      <th>sex</th>\n",
       "      <th>bmi</th>\n",
       "      <th>map</th>\n",
       "      <th>tc</th>\n",
       "      <th>ldl</th>\n",
       "      <th>hdl</th>\n",
       "      <th>tch</th>\n",
       "      <th>ltg</th>\n",
       "      <th>glu</th>\n",
       "      <th>target</th>\n",
       "    </tr>\n",
       "  </thead>\n",
       "  <tbody>\n",
       "    <tr>\n",
       "      <th>0</th>\n",
       "      <td>0.038076</td>\n",
       "      <td>0.050680</td>\n",
       "      <td>0.061696</td>\n",
       "      <td>0.021872</td>\n",
       "      <td>-0.044223</td>\n",
       "      <td>-0.034821</td>\n",
       "      <td>-0.043401</td>\n",
       "      <td>-0.002592</td>\n",
       "      <td>0.019908</td>\n",
       "      <td>-0.017646</td>\n",
       "      <td>151</td>\n",
       "    </tr>\n",
       "    <tr>\n",
       "      <th>1</th>\n",
       "      <td>-0.001882</td>\n",
       "      <td>-0.044642</td>\n",
       "      <td>-0.051474</td>\n",
       "      <td>-0.026328</td>\n",
       "      <td>-0.008449</td>\n",
       "      <td>-0.019163</td>\n",
       "      <td>0.074412</td>\n",
       "      <td>-0.039493</td>\n",
       "      <td>-0.068330</td>\n",
       "      <td>-0.092204</td>\n",
       "      <td>75</td>\n",
       "    </tr>\n",
       "    <tr>\n",
       "      <th>2</th>\n",
       "      <td>0.085299</td>\n",
       "      <td>0.050680</td>\n",
       "      <td>0.044451</td>\n",
       "      <td>-0.005671</td>\n",
       "      <td>-0.045599</td>\n",
       "      <td>-0.034194</td>\n",
       "      <td>-0.032356</td>\n",
       "      <td>-0.002592</td>\n",
       "      <td>0.002864</td>\n",
       "      <td>-0.025930</td>\n",
       "      <td>141</td>\n",
       "    </tr>\n",
       "    <tr>\n",
       "      <th>3</th>\n",
       "      <td>-0.089063</td>\n",
       "      <td>-0.044642</td>\n",
       "      <td>-0.011595</td>\n",
       "      <td>-0.036656</td>\n",
       "      <td>0.012191</td>\n",
       "      <td>0.024991</td>\n",
       "      <td>-0.036038</td>\n",
       "      <td>0.034309</td>\n",
       "      <td>0.022692</td>\n",
       "      <td>-0.009362</td>\n",
       "      <td>206</td>\n",
       "    </tr>\n",
       "    <tr>\n",
       "      <th>4</th>\n",
       "      <td>0.005383</td>\n",
       "      <td>-0.044642</td>\n",
       "      <td>-0.036385</td>\n",
       "      <td>0.021872</td>\n",
       "      <td>0.003935</td>\n",
       "      <td>0.015596</td>\n",
       "      <td>0.008142</td>\n",
       "      <td>-0.002592</td>\n",
       "      <td>-0.031991</td>\n",
       "      <td>-0.046641</td>\n",
       "      <td>135</td>\n",
       "    </tr>\n",
       "  </tbody>\n",
       "</table>\n",
       "</div>"
      ],
      "text/plain": [
       "        age       sex       bmi       map        tc       ldl       hdl  \\\n",
       "0  0.038076  0.050680  0.061696  0.021872 -0.044223 -0.034821 -0.043401   \n",
       "1 -0.001882 -0.044642 -0.051474 -0.026328 -0.008449 -0.019163  0.074412   \n",
       "2  0.085299  0.050680  0.044451 -0.005671 -0.045599 -0.034194 -0.032356   \n",
       "3 -0.089063 -0.044642 -0.011595 -0.036656  0.012191  0.024991 -0.036038   \n",
       "4  0.005383 -0.044642 -0.036385  0.021872  0.003935  0.015596  0.008142   \n",
       "\n",
       "        tch       ltg       glu  target  \n",
       "0 -0.002592  0.019908 -0.017646     151  \n",
       "1 -0.039493 -0.068330 -0.092204      75  \n",
       "2 -0.002592  0.002864 -0.025930     141  \n",
       "3  0.034309  0.022692 -0.009362     206  \n",
       "4 -0.002592 -0.031991 -0.046641     135  "
      ]
     },
     "execution_count": 5,
     "metadata": {},
     "output_type": "execute_result"
    }
   ],
   "source": [
    "df.head()"
   ]
  },
  {
   "cell_type": "code",
   "execution_count": 6,
   "metadata": {
    "collapsed": false
   },
   "outputs": [
    {
     "data": {
      "text/html": [
       "<div>\n",
       "<table border=\"1\" class=\"dataframe\">\n",
       "  <thead>\n",
       "    <tr style=\"text-align: right;\">\n",
       "      <th></th>\n",
       "      <th>age</th>\n",
       "      <th>sex</th>\n",
       "      <th>bmi</th>\n",
       "      <th>map</th>\n",
       "      <th>tc</th>\n",
       "      <th>ldl</th>\n",
       "      <th>hdl</th>\n",
       "      <th>tch</th>\n",
       "      <th>ltg</th>\n",
       "      <th>glu</th>\n",
       "      <th>target</th>\n",
       "    </tr>\n",
       "  </thead>\n",
       "  <tbody>\n",
       "    <tr>\n",
       "      <th>count</th>\n",
       "      <td>4.420000e+02</td>\n",
       "      <td>4.420000e+02</td>\n",
       "      <td>4.420000e+02</td>\n",
       "      <td>4.420000e+02</td>\n",
       "      <td>4.420000e+02</td>\n",
       "      <td>4.420000e+02</td>\n",
       "      <td>4.420000e+02</td>\n",
       "      <td>4.420000e+02</td>\n",
       "      <td>4.420000e+02</td>\n",
       "      <td>4.420000e+02</td>\n",
       "      <td>442.000000</td>\n",
       "    </tr>\n",
       "    <tr>\n",
       "      <th>mean</th>\n",
       "      <td>-3.634285e-16</td>\n",
       "      <td>1.308343e-16</td>\n",
       "      <td>-8.045349e-16</td>\n",
       "      <td>1.281655e-16</td>\n",
       "      <td>-8.835316e-17</td>\n",
       "      <td>1.327024e-16</td>\n",
       "      <td>-4.574646e-16</td>\n",
       "      <td>3.777301e-16</td>\n",
       "      <td>-3.830854e-16</td>\n",
       "      <td>-3.412882e-16</td>\n",
       "      <td>152.133484</td>\n",
       "    </tr>\n",
       "    <tr>\n",
       "      <th>std</th>\n",
       "      <td>4.761905e-02</td>\n",
       "      <td>4.761905e-02</td>\n",
       "      <td>4.761905e-02</td>\n",
       "      <td>4.761905e-02</td>\n",
       "      <td>4.761905e-02</td>\n",
       "      <td>4.761905e-02</td>\n",
       "      <td>4.761905e-02</td>\n",
       "      <td>4.761905e-02</td>\n",
       "      <td>4.761905e-02</td>\n",
       "      <td>4.761905e-02</td>\n",
       "      <td>77.093005</td>\n",
       "    </tr>\n",
       "    <tr>\n",
       "      <th>min</th>\n",
       "      <td>-1.072256e-01</td>\n",
       "      <td>-4.464164e-02</td>\n",
       "      <td>-9.027530e-02</td>\n",
       "      <td>-1.123996e-01</td>\n",
       "      <td>-1.267807e-01</td>\n",
       "      <td>-1.156131e-01</td>\n",
       "      <td>-1.023071e-01</td>\n",
       "      <td>-7.639450e-02</td>\n",
       "      <td>-1.260974e-01</td>\n",
       "      <td>-1.377672e-01</td>\n",
       "      <td>25.000000</td>\n",
       "    </tr>\n",
       "    <tr>\n",
       "      <th>25%</th>\n",
       "      <td>-3.729927e-02</td>\n",
       "      <td>-4.464164e-02</td>\n",
       "      <td>-3.422907e-02</td>\n",
       "      <td>-3.665645e-02</td>\n",
       "      <td>-3.424784e-02</td>\n",
       "      <td>-3.035840e-02</td>\n",
       "      <td>-3.511716e-02</td>\n",
       "      <td>-3.949338e-02</td>\n",
       "      <td>-3.324879e-02</td>\n",
       "      <td>-3.317903e-02</td>\n",
       "      <td>87.000000</td>\n",
       "    </tr>\n",
       "    <tr>\n",
       "      <th>50%</th>\n",
       "      <td>5.383060e-03</td>\n",
       "      <td>-4.464164e-02</td>\n",
       "      <td>-7.283766e-03</td>\n",
       "      <td>-5.670611e-03</td>\n",
       "      <td>-4.320866e-03</td>\n",
       "      <td>-3.819065e-03</td>\n",
       "      <td>-6.584468e-03</td>\n",
       "      <td>-2.592262e-03</td>\n",
       "      <td>-1.947634e-03</td>\n",
       "      <td>-1.077698e-03</td>\n",
       "      <td>140.500000</td>\n",
       "    </tr>\n",
       "    <tr>\n",
       "      <th>75%</th>\n",
       "      <td>3.807591e-02</td>\n",
       "      <td>5.068012e-02</td>\n",
       "      <td>3.124802e-02</td>\n",
       "      <td>3.564384e-02</td>\n",
       "      <td>2.835801e-02</td>\n",
       "      <td>2.984439e-02</td>\n",
       "      <td>2.931150e-02</td>\n",
       "      <td>3.430886e-02</td>\n",
       "      <td>3.243323e-02</td>\n",
       "      <td>2.791705e-02</td>\n",
       "      <td>211.500000</td>\n",
       "    </tr>\n",
       "    <tr>\n",
       "      <th>max</th>\n",
       "      <td>1.107267e-01</td>\n",
       "      <td>5.068012e-02</td>\n",
       "      <td>1.705552e-01</td>\n",
       "      <td>1.320442e-01</td>\n",
       "      <td>1.539137e-01</td>\n",
       "      <td>1.987880e-01</td>\n",
       "      <td>1.811791e-01</td>\n",
       "      <td>1.852344e-01</td>\n",
       "      <td>1.335990e-01</td>\n",
       "      <td>1.356118e-01</td>\n",
       "      <td>346.000000</td>\n",
       "    </tr>\n",
       "  </tbody>\n",
       "</table>\n",
       "</div>"
      ],
      "text/plain": [
       "                age           sex           bmi           map            tc  \\\n",
       "count  4.420000e+02  4.420000e+02  4.420000e+02  4.420000e+02  4.420000e+02   \n",
       "mean  -3.634285e-16  1.308343e-16 -8.045349e-16  1.281655e-16 -8.835316e-17   \n",
       "std    4.761905e-02  4.761905e-02  4.761905e-02  4.761905e-02  4.761905e-02   \n",
       "min   -1.072256e-01 -4.464164e-02 -9.027530e-02 -1.123996e-01 -1.267807e-01   \n",
       "25%   -3.729927e-02 -4.464164e-02 -3.422907e-02 -3.665645e-02 -3.424784e-02   \n",
       "50%    5.383060e-03 -4.464164e-02 -7.283766e-03 -5.670611e-03 -4.320866e-03   \n",
       "75%    3.807591e-02  5.068012e-02  3.124802e-02  3.564384e-02  2.835801e-02   \n",
       "max    1.107267e-01  5.068012e-02  1.705552e-01  1.320442e-01  1.539137e-01   \n",
       "\n",
       "                ldl           hdl           tch           ltg           glu  \\\n",
       "count  4.420000e+02  4.420000e+02  4.420000e+02  4.420000e+02  4.420000e+02   \n",
       "mean   1.327024e-16 -4.574646e-16  3.777301e-16 -3.830854e-16 -3.412882e-16   \n",
       "std    4.761905e-02  4.761905e-02  4.761905e-02  4.761905e-02  4.761905e-02   \n",
       "min   -1.156131e-01 -1.023071e-01 -7.639450e-02 -1.260974e-01 -1.377672e-01   \n",
       "25%   -3.035840e-02 -3.511716e-02 -3.949338e-02 -3.324879e-02 -3.317903e-02   \n",
       "50%   -3.819065e-03 -6.584468e-03 -2.592262e-03 -1.947634e-03 -1.077698e-03   \n",
       "75%    2.984439e-02  2.931150e-02  3.430886e-02  3.243323e-02  2.791705e-02   \n",
       "max    1.987880e-01  1.811791e-01  1.852344e-01  1.335990e-01  1.356118e-01   \n",
       "\n",
       "           target  \n",
       "count  442.000000  \n",
       "mean   152.133484  \n",
       "std     77.093005  \n",
       "min     25.000000  \n",
       "25%     87.000000  \n",
       "50%    140.500000  \n",
       "75%    211.500000  \n",
       "max    346.000000  "
      ]
     },
     "execution_count": 6,
     "metadata": {},
     "output_type": "execute_result"
    }
   ],
   "source": [
    "df.describe()"
   ]
  },
  {
   "cell_type": "code",
   "execution_count": 7,
   "metadata": {
    "collapsed": false,
    "scrolled": true
   },
   "outputs": [
    {
     "data": {
      "text/html": [
       "<div>\n",
       "<table border=\"1\" class=\"dataframe\">\n",
       "  <thead>\n",
       "    <tr style=\"text-align: right;\">\n",
       "      <th></th>\n",
       "      <th>age</th>\n",
       "      <th>sex</th>\n",
       "      <th>bmi</th>\n",
       "      <th>map</th>\n",
       "      <th>tc</th>\n",
       "      <th>ldl</th>\n",
       "      <th>hdl</th>\n",
       "      <th>tch</th>\n",
       "      <th>ltg</th>\n",
       "      <th>glu</th>\n",
       "      <th>target</th>\n",
       "    </tr>\n",
       "  </thead>\n",
       "  <tbody>\n",
       "    <tr>\n",
       "      <th>age</th>\n",
       "      <td>1.000000</td>\n",
       "      <td>0.173737</td>\n",
       "      <td>0.185085</td>\n",
       "      <td>0.335427</td>\n",
       "      <td>0.260061</td>\n",
       "      <td>0.219243</td>\n",
       "      <td>-0.075181</td>\n",
       "      <td>0.203841</td>\n",
       "      <td>0.270777</td>\n",
       "      <td>0.301731</td>\n",
       "      <td>0.187889</td>\n",
       "    </tr>\n",
       "    <tr>\n",
       "      <th>sex</th>\n",
       "      <td>0.173737</td>\n",
       "      <td>1.000000</td>\n",
       "      <td>0.088161</td>\n",
       "      <td>0.241013</td>\n",
       "      <td>0.035277</td>\n",
       "      <td>0.142637</td>\n",
       "      <td>-0.379090</td>\n",
       "      <td>0.332115</td>\n",
       "      <td>0.149918</td>\n",
       "      <td>0.208133</td>\n",
       "      <td>0.043062</td>\n",
       "    </tr>\n",
       "    <tr>\n",
       "      <th>bmi</th>\n",
       "      <td>0.185085</td>\n",
       "      <td>0.088161</td>\n",
       "      <td>1.000000</td>\n",
       "      <td>0.395415</td>\n",
       "      <td>0.249777</td>\n",
       "      <td>0.261170</td>\n",
       "      <td>-0.366811</td>\n",
       "      <td>0.413807</td>\n",
       "      <td>0.446159</td>\n",
       "      <td>0.388680</td>\n",
       "      <td>0.586450</td>\n",
       "    </tr>\n",
       "    <tr>\n",
       "      <th>map</th>\n",
       "      <td>0.335427</td>\n",
       "      <td>0.241013</td>\n",
       "      <td>0.395415</td>\n",
       "      <td>1.000000</td>\n",
       "      <td>0.242470</td>\n",
       "      <td>0.185558</td>\n",
       "      <td>-0.178761</td>\n",
       "      <td>0.257653</td>\n",
       "      <td>0.393478</td>\n",
       "      <td>0.390429</td>\n",
       "      <td>0.441484</td>\n",
       "    </tr>\n",
       "    <tr>\n",
       "      <th>tc</th>\n",
       "      <td>0.260061</td>\n",
       "      <td>0.035277</td>\n",
       "      <td>0.249777</td>\n",
       "      <td>0.242470</td>\n",
       "      <td>1.000000</td>\n",
       "      <td>0.896663</td>\n",
       "      <td>0.051519</td>\n",
       "      <td>0.542207</td>\n",
       "      <td>0.515501</td>\n",
       "      <td>0.325717</td>\n",
       "      <td>0.212022</td>\n",
       "    </tr>\n",
       "    <tr>\n",
       "      <th>ldl</th>\n",
       "      <td>0.219243</td>\n",
       "      <td>0.142637</td>\n",
       "      <td>0.261170</td>\n",
       "      <td>0.185558</td>\n",
       "      <td>0.896663</td>\n",
       "      <td>1.000000</td>\n",
       "      <td>-0.196455</td>\n",
       "      <td>0.659817</td>\n",
       "      <td>0.318353</td>\n",
       "      <td>0.290600</td>\n",
       "      <td>0.174054</td>\n",
       "    </tr>\n",
       "    <tr>\n",
       "      <th>hdl</th>\n",
       "      <td>-0.075181</td>\n",
       "      <td>-0.379090</td>\n",
       "      <td>-0.366811</td>\n",
       "      <td>-0.178761</td>\n",
       "      <td>0.051519</td>\n",
       "      <td>-0.196455</td>\n",
       "      <td>1.000000</td>\n",
       "      <td>-0.738493</td>\n",
       "      <td>-0.398577</td>\n",
       "      <td>-0.273697</td>\n",
       "      <td>-0.394789</td>\n",
       "    </tr>\n",
       "    <tr>\n",
       "      <th>tch</th>\n",
       "      <td>0.203841</td>\n",
       "      <td>0.332115</td>\n",
       "      <td>0.413807</td>\n",
       "      <td>0.257653</td>\n",
       "      <td>0.542207</td>\n",
       "      <td>0.659817</td>\n",
       "      <td>-0.738493</td>\n",
       "      <td>1.000000</td>\n",
       "      <td>0.617857</td>\n",
       "      <td>0.417212</td>\n",
       "      <td>0.430453</td>\n",
       "    </tr>\n",
       "    <tr>\n",
       "      <th>ltg</th>\n",
       "      <td>0.270777</td>\n",
       "      <td>0.149918</td>\n",
       "      <td>0.446159</td>\n",
       "      <td>0.393478</td>\n",
       "      <td>0.515501</td>\n",
       "      <td>0.318353</td>\n",
       "      <td>-0.398577</td>\n",
       "      <td>0.617857</td>\n",
       "      <td>1.000000</td>\n",
       "      <td>0.464670</td>\n",
       "      <td>0.565883</td>\n",
       "    </tr>\n",
       "    <tr>\n",
       "      <th>glu</th>\n",
       "      <td>0.301731</td>\n",
       "      <td>0.208133</td>\n",
       "      <td>0.388680</td>\n",
       "      <td>0.390429</td>\n",
       "      <td>0.325717</td>\n",
       "      <td>0.290600</td>\n",
       "      <td>-0.273697</td>\n",
       "      <td>0.417212</td>\n",
       "      <td>0.464670</td>\n",
       "      <td>1.000000</td>\n",
       "      <td>0.382483</td>\n",
       "    </tr>\n",
       "    <tr>\n",
       "      <th>target</th>\n",
       "      <td>0.187889</td>\n",
       "      <td>0.043062</td>\n",
       "      <td>0.586450</td>\n",
       "      <td>0.441484</td>\n",
       "      <td>0.212022</td>\n",
       "      <td>0.174054</td>\n",
       "      <td>-0.394789</td>\n",
       "      <td>0.430453</td>\n",
       "      <td>0.565883</td>\n",
       "      <td>0.382483</td>\n",
       "      <td>1.000000</td>\n",
       "    </tr>\n",
       "  </tbody>\n",
       "</table>\n",
       "</div>"
      ],
      "text/plain": [
       "             age       sex       bmi       map        tc       ldl       hdl  \\\n",
       "age     1.000000  0.173737  0.185085  0.335427  0.260061  0.219243 -0.075181   \n",
       "sex     0.173737  1.000000  0.088161  0.241013  0.035277  0.142637 -0.379090   \n",
       "bmi     0.185085  0.088161  1.000000  0.395415  0.249777  0.261170 -0.366811   \n",
       "map     0.335427  0.241013  0.395415  1.000000  0.242470  0.185558 -0.178761   \n",
       "tc      0.260061  0.035277  0.249777  0.242470  1.000000  0.896663  0.051519   \n",
       "ldl     0.219243  0.142637  0.261170  0.185558  0.896663  1.000000 -0.196455   \n",
       "hdl    -0.075181 -0.379090 -0.366811 -0.178761  0.051519 -0.196455  1.000000   \n",
       "tch     0.203841  0.332115  0.413807  0.257653  0.542207  0.659817 -0.738493   \n",
       "ltg     0.270777  0.149918  0.446159  0.393478  0.515501  0.318353 -0.398577   \n",
       "glu     0.301731  0.208133  0.388680  0.390429  0.325717  0.290600 -0.273697   \n",
       "target  0.187889  0.043062  0.586450  0.441484  0.212022  0.174054 -0.394789   \n",
       "\n",
       "             tch       ltg       glu    target  \n",
       "age     0.203841  0.270777  0.301731  0.187889  \n",
       "sex     0.332115  0.149918  0.208133  0.043062  \n",
       "bmi     0.413807  0.446159  0.388680  0.586450  \n",
       "map     0.257653  0.393478  0.390429  0.441484  \n",
       "tc      0.542207  0.515501  0.325717  0.212022  \n",
       "ldl     0.659817  0.318353  0.290600  0.174054  \n",
       "hdl    -0.738493 -0.398577 -0.273697 -0.394789  \n",
       "tch     1.000000  0.617857  0.417212  0.430453  \n",
       "ltg     0.617857  1.000000  0.464670  0.565883  \n",
       "glu     0.417212  0.464670  1.000000  0.382483  \n",
       "target  0.430453  0.565883  0.382483  1.000000  "
      ]
     },
     "execution_count": 7,
     "metadata": {},
     "output_type": "execute_result"
    }
   ],
   "source": [
    "df.corr()"
   ]
  },
  {
   "cell_type": "markdown",
   "metadata": {},
   "source": [
    "A nice way to inspect correlation strength is using a heatmap. The seaborn library has a heatmap function:"
   ]
  },
  {
   "cell_type": "code",
   "execution_count": 8,
   "metadata": {
    "collapsed": false
   },
   "outputs": [
    {
     "data": {
